ANO,MEAND,SDD,CV
2017,18.893800949022516,0.09772223091533178,0.5172184844065879
2018,23.614818055501075,0.1784260325244572,0.7555681017956979
2019,20.90620069558247,0.17244695819470568,0.8248603402680629
2020,25.09922779050273,0.2523266624769784,1.005316436756895
2021,36.87936030892155,0.36869753927870463,0.9997395187722722
2022,20.899056342255147,0.2185536984962528,1.0457586932016922
2023,12.069600246628347,0.14502947065133398,1.201609561939287
2024,10.376100581081078,0.10887960734030484,1.0493306853523268
NA,NA,NA,NA
